1 2 3
4 5 6 7 8 9 10 11 12 13
1
14 15 16 3 17 18 19 20 8
21 22 23
23 24 25
26 27
28 29 30 31 32 33 34 35 36 37 38 39 40 9 41 26 42 43 44 45
46
3 47 48 49 50 51 52 2 44 1
53 33 29 54 28 55
56 54 29 57 58 59
60
61 23 45
61 23 45
62 63 49 20 64 65
46
66 67 68 69 70 71
72 73 74 42 44 33
75 76 77
78 79 80 81 82 83 29 84 85 86 87 88 89
23 24 90 45 44 25
42
60 38 91
92 90 42
93 94 95
96
5 7 97
9 44 98 99
94
100 101 7 55 58 102
26 103
2 45 104
105 27 103
95
106
107 44 108
22 67 109
6 69 3
29 105 44
105 110 2
110
111 9 3 112 113 58
114 115 116 117 118 119
29 105 9 26 44 99 27
9 1 44 120 121 122
76 38 9 123 26 44 95
124 21 115 125 126 127
29 105 44 38 128 129
105 130 103 26
4 5 7 8 117 9
21 22 125
131
132
29 44 108
133 105 103 134 129 26 135 27
136 18 137
26 41 105 133 45
63 23 138 139 110 133 140 141 17 142 143 144 145 91 146 147 148 46
149 114 150 115 119 151
65
69 117 65
152 153
43
65 1 2
132 1 108
1
26 9 105 29 44
26 41 45
154 124 155
21 156 157 96 67 158 159 59 106 160
90
23 24 38
161 59 106
23 124 20 41 118 109
105 103 162 134 37 129
123 26 163 103 95
164 165 45 26 41
23 24 139 133 29 25
9
124 139 166 152 17 167
54 168 169 170
9 1 44 171 27 99
172
23 173 139 133 174 148
150
43
8
105 130 103 27
149
111 9 54 29 53
54 133 152 175 176 109
177
178
42 120 179
32 163 106 40 9 123 26 43 44 95
38
180 115 6 181 182 126 183 127 184 185 155 186 118
187 179
188
189
190 191 8 97 33 48 94 42 1 44
192
193 194 28 195 196 197 198 199 200 201 202 203 94 108 42 204 169 179 205
206 207 92 124 101 115 208 72 209 210 31 167 211
157 212 11 213
124 92 23 211 109 36
92 214 215 216 217 218 219 220
39 220 221 222
56 172 117
29 44 108
223 224 225 226 227 228 229
206 23 24 22 7 38 230 231 232
